RUNE_direct
tag_7
50
mm
129
17.8
3
1.3
-1
7
1 1.0 0.0 -33.3333 0.0 1.0 -0 -33.3333 -0 1107.6
1 1.0 0.0 -41.6667 0.0 1.0 -0 -41.6667 -0 1730.63
1 1.0 0.0 -50 0.0 1.0 -0 -50 -0 2492.11
1 1.0 0.0 -32.9781 0.0 1.0 -4.85337 -32.9781 -4.85337 1107.6
0
0
1 1.0 0.0 -31.92 0.0 1.0 -9.6033 -31.92 -9.6033 1107.6
0
1 1.0 0.0 -47.88 0.0 1.0 -14.405 -47.88 -14.405 2492.11
1 1.0 0.0 -30.1816 0.0 1.0 -14.1486 -30.1816 -14.1486 1107.6
1 1.0 0.0 -37.727 0.0 1.0 -17.6857 -37.727 -17.6857 1730.63
1 1.0 0.0 -45.2724 0.0 1.0 -21.2228 -45.2724 -21.2228 2492.11
0
1 1.0 0.0 -34.7499 0.0 1.0 -22.9903 -34.7499 -22.9903 1730.63
0
0
1 1.0 0.0 -31.0322 0.0 1.0 -27.805 -31.0322 -27.805 1730.63
0
0
1 1.0 0.0 -26.653 0.0 1.0 -32.027 -26.653 -32.027 1730.63
1 1.0 0.0 -31.9837 0.0 1.0 -38.4324 -31.9837 -38.4324 2492.11
1 1.0 0.0 -17.3647 0.0 1.0 -28.4531 -17.3647 -28.4531 1107.6
0
1 1.0 0.0 -26.047 0.0 1.0 -42.6797 -26.047 -42.6797 2492.11
1 1.0 0.0 -13.0368 0.0 1.0 -30.6782 -13.0368 -30.6782 1107.6
0
1 1.0 0.0 -19.5552 0.0 1.0 -46.0173 -19.5552 -46.0173 2492.11
1 1.0 0.0 -8.43111 0.0 1.0 -32.2495 -8.43111 -32.2495 1107.6
0
0
0
1 1.0 0.0 -4.55713 0.0 1.0 -41.4167 -4.55713 -41.4167 1730.63
1 1.0 0.0 -5.46856 0.0 1.0 -49.7 -5.46856 -49.7 2492.11
0
0
1 1.0 0.0 1.8261 0.0 1.0 -49.9666 1.8261 -49.9666 2492.11
1 1.0 0.0 6.05456 0.0 1.0 -32.7789 6.05456 -32.7789 1107.6
0
0
0
1 1.0 0.0 13.4534 0.0 1.0 -39.435 13.4534 -39.435 1730.63
1 1.0 0.0 16.144 0.0 1.0 -47.322 16.144 -47.322 2492.11
0
1 1.0 0.0 19.0518 0.0 1.0 -37.0559 19.0518 -37.0559 1730.63
1 1.0 0.0 22.8621 0.0 1.0 -44.4671 22.8621 -44.4671 2492.11
1 1.0 0.0 19.3953 0.0 1.0 -27.1097 19.3953 -27.1097 1107.6
0
0
0
0
1 1.0 0.0 34.7037 0.0 1.0 -35.9952 34.7037 -35.9952 2492.11
0
1 1.0 0.0 32.979 0.0 1.0 -25.4656 32.979 -25.4656 1730.63
1 1.0 0.0 39.5748 0.0 1.0 -30.5587 39.5748 -30.5587 2492.11
1 1.0 0.0 29.0683 0.0 1.0 -16.3139 29.0683 -16.3139 1107.6
0
0
1 1.0 0.0 31.1339 0.0 1.0 -11.9077 31.1339 -11.9077 1107.6
0
1 1.0 0.0 46.7008 0.0 1.0 -17.8615 46.7008 -17.8615 2492.11
1 1.0 0.0 32.5359 0.0 1.0 -7.24767 32.5359 -7.24767 1107.6
0
1 1.0 0.0 48.8038 0.0 1.0 -10.8715 48.8038 -10.8715 2492.11
0
1 1.0 0.0 41.5555 0.0 1.0 -3.04147 41.5555 -3.04147 1730.63
1 1.0 0.0 49.8666 0.0 1.0 -3.64977 49.8666 -3.64977 2492.11
0
1 1.0 0.0 41.5555 0.0 1.0 3.04147 41.5555 3.04147 1730.63
0
0
1 1.0 0.0 40.6698 0.0 1.0 9.05959 40.6698 9.05959 1730.63
0
1 1.0 0.0 31.1339 0.0 1.0 11.9077 31.1339 11.9077 1107.6
1 1.0 0.0 38.9173 0.0 1.0 14.8846 38.9173 14.8846 1730.63
1 1.0 0.0 46.7008 0.0 1.0 17.8615 46.7008 17.8615 2492.11
1 1.0 0.0 29.0683 0.0 1.0 16.3139 29.0683 16.3139 1107.6
0
1 1.0 0.0 43.6025 0.0 1.0 24.4709 43.6025 24.4709 2492.11
1 1.0 0.0 26.3832 0.0 1.0 20.3725 26.3832 20.3725 1107.6
0
0
1 1.0 0.0 23.1358 0.0 1.0 23.9968 23.1358 23.9968 1107.6
1 1.0 0.0 28.9198 0.0 1.0 29.996 28.9198 29.996 1730.63
1 1.0 0.0 34.7037 0.0 1.0 35.9952 34.7037 35.9952 2492.11
1 1.0 0.0 19.3953 0.0 1.0 27.1097 19.3953 27.1097 1107.6
0
0
1 1.0 0.0 15.2414 0.0 1.0 29.6447 15.2414 29.6447 1107.6
0
0
0
0
1 1.0 0.0 16.144 0.0 1.0 47.322 16.144 47.322 2492.11
0
1 1.0 0.0 7.5682 0.0 1.0 40.9736 7.5682 40.9736 1730.63
1 1.0 0.0 9.08184 0.0 1.0 49.1683 9.08184 49.1683 2492.11
0
1 1.0 0.0 1.52175 0.0 1.0 41.6389 1.52175 41.6389 1730.63
0
0
0
1 1.0 0.0 -5.46856 0.0 1.0 49.7 -5.46856 49.7 2492.11
0
0
1 1.0 0.0 -12.6467 0.0 1.0 48.3742 -12.6467 48.3742 2492.11
0
0
1 1.0 0.0 -19.5552 0.0 1.0 46.0173 -19.5552 46.0173 2492.11
0
0
1 1.0 0.0 -26.047 0.0 1.0 42.6797 -26.047 42.6797 2492.11
0
0
1 1.0 0.0 -31.9837 0.0 1.0 38.4324 -31.9837 38.4324 2492.11
0
1 1.0 0.0 -31.0322 0.0 1.0 27.805 -31.0322 27.805 1730.63
0
0
1 1.0 0.0 -34.7499 0.0 1.0 22.9903 -34.7499 22.9903 1730.63
1 1.0 0.0 -41.6999 0.0 1.0 27.5884 -41.6999 27.5884 2492.11
0
0
1 1.0 0.0 -45.2724 0.0 1.0 21.2228 -45.2724 21.2228 2492.11
1 1.0 0.0 -31.92 0.0 1.0 9.6033 -31.92 9.6033 1107.6
0
0
1 1.0 0.0 -32.9781 0.0 1.0 4.85337 -32.9781 4.85337 1107.6
0
0
