RUNE_direct
tag_1
50
mm
129
17.8
3
1.3
-1
1
1 1.0 0.0 -33.3333 0.0 1.0 -0 -33.3333 -0 1107.6
1 1.0 0.0 -41.6667 0.0 1.0 -0 -41.6667 -0 1730.63
1 1.0 0.0 -50 0.0 1.0 -0 -50 -0 2492.11
1 1.0 0.0 -32.9781 0.0 1.0 -4.85337 -32.9781 -4.85337 1107.6
1 1.0 0.0 -41.2226 0.0 1.0 -6.06672 -41.2226 -6.06672 1730.63
0
0
1 1.0 0.0 -39.9 0.0 1.0 -12.0041 -39.9 -12.0041 1730.63
0
1 1.0 0.0 -30.1816 0.0 1.0 -14.1486 -30.1816 -14.1486 1107.6
1 1.0 0.0 -37.727 0.0 1.0 -17.6857 -37.727 -17.6857 1730.63
1 1.0 0.0 -45.2724 0.0 1.0 -21.2228 -45.2724 -21.2228 2492.11
1 1.0 0.0 -27.7999 0.0 1.0 -18.3923 -27.7999 -18.3923 1107.6
1 1.0 0.0 -34.7499 0.0 1.0 -22.9903 -34.7499 -22.9903 1730.63
0
0
1 1.0 0.0 -31.0322 0.0 1.0 -27.805 -31.0322 -27.805 1730.63
0
0
0
1 1.0 0.0 -31.9837 0.0 1.0 -38.4324 -31.9837 -38.4324 2492.11
0
1 1.0 0.0 -21.7058 0.0 1.0 -35.5664 -21.7058 -35.5664 1730.63
0
1 1.0 0.0 -13.0368 0.0 1.0 -30.6782 -13.0368 -30.6782 1107.6
0
0
1 1.0 0.0 -8.43111 0.0 1.0 -32.2495 -8.43111 -32.2495 1107.6
1 1.0 0.0 -10.5389 0.0 1.0 -40.3118 -10.5389 -40.3118 1730.63
1 1.0 0.0 -12.6467 0.0 1.0 -48.3742 -12.6467 -48.3742 2492.11
1 1.0 0.0 -3.64571 0.0 1.0 -33.1334 -3.64571 -33.1334 1107.6
0
0
0
1 1.0 0.0 1.52175 0.0 1.0 -41.6389 1.52175 -41.6389 1730.63
1 1.0 0.0 1.8261 0.0 1.0 -49.9666 1.8261 -49.9666 2492.11
1 1.0 0.0 6.05456 0.0 1.0 -32.7789 6.05456 -32.7789 1107.6
1 1.0 0.0 7.5682 0.0 1.0 -40.9736 7.5682 -40.9736 1730.63
1 1.0 0.0 9.08184 0.0 1.0 -49.1683 9.08184 -49.1683 2492.11
0
0
1 1.0 0.0 16.144 0.0 1.0 -47.322 16.144 -47.322 2492.11
1 1.0 0.0 15.2414 0.0 1.0 -29.6447 15.2414 -29.6447 1107.6
1 1.0 0.0 19.0518 0.0 1.0 -37.0559 19.0518 -37.0559 1730.63
0
0
1 1.0 0.0 24.2441 0.0 1.0 -33.8871 24.2441 -33.8871 1730.63
0
1 1.0 0.0 23.1358 0.0 1.0 -23.9968 23.1358 -23.9968 1107.6
1 1.0 0.0 28.9198 0.0 1.0 -29.996 28.9198 -29.996 1730.63
0
0
1 1.0 0.0 32.979 0.0 1.0 -25.4656 32.979 -25.4656 1730.63
1 1.0 0.0 39.5748 0.0 1.0 -30.5587 39.5748 -30.5587 2492.11
0
1 1.0 0.0 36.3354 0.0 1.0 -20.3924 36.3354 -20.3924 1730.63
1 1.0 0.0 43.6025 0.0 1.0 -24.4709 43.6025 -24.4709 2492.11
0
0
1 1.0 0.0 46.7008 0.0 1.0 -17.8615 46.7008 -17.8615 2492.11
0
0
1 1.0 0.0 48.8038 0.0 1.0 -10.8715 48.8038 -10.8715 2492.11
0
0
1 1.0 0.0 49.8666 0.0 1.0 -3.64977 49.8666 -3.64977 2492.11
0
0
1 1.0 0.0 49.8666 0.0 1.0 3.64977 49.8666 3.64977 2492.11
0
0
1 1.0 0.0 48.8038 0.0 1.0 10.8715 48.8038 10.8715 2492.11
0
0
1 1.0 0.0 46.7008 0.0 1.0 17.8615 46.7008 17.8615 2492.11
0
1 1.0 0.0 36.3354 0.0 1.0 20.3924 36.3354 20.3924 1730.63
1 1.0 0.0 43.6025 0.0 1.0 24.4709 43.6025 24.4709 2492.11
0
1 1.0 0.0 32.979 0.0 1.0 25.4656 32.979 25.4656 1730.63
1 1.0 0.0 39.5748 0.0 1.0 30.5587 39.5748 30.5587 2492.11
1 1.0 0.0 23.1358 0.0 1.0 23.9968 23.1358 23.9968 1107.6
1 1.0 0.0 28.9198 0.0 1.0 29.996 28.9198 29.996 1730.63
0
0
1 1.0 0.0 24.2441 0.0 1.0 33.8871 24.2441 33.8871 1730.63
0
1 1.0 0.0 15.2414 0.0 1.0 29.6447 15.2414 29.6447 1107.6
1 1.0 0.0 19.0518 0.0 1.0 37.0559 19.0518 37.0559 1730.63
0
0
0
1 1.0 0.0 16.144 0.0 1.0 47.322 16.144 47.322 2492.11
1 1.0 0.0 6.05456 0.0 1.0 32.7789 6.05456 32.7789 1107.6
1 1.0 0.0 7.5682 0.0 1.0 40.9736 7.5682 40.9736 1730.63
1 1.0 0.0 9.08184 0.0 1.0 49.1683 9.08184 49.1683 2492.11
0
1 1.0 0.0 1.52175 0.0 1.0 41.6389 1.52175 41.6389 1730.63
1 1.0 0.0 1.8261 0.0 1.0 49.9666 1.8261 49.9666 2492.11
1 1.0 0.0 -3.64571 0.0 1.0 33.1334 -3.64571 33.1334 1107.6
0
0
1 1.0 0.0 -8.43111 0.0 1.0 32.2495 -8.43111 32.2495 1107.6
1 1.0 0.0 -10.5389 0.0 1.0 40.3118 -10.5389 40.3118 1730.63
1 1.0 0.0 -12.6467 0.0 1.0 48.3742 -12.6467 48.3742 2492.11
1 1.0 0.0 -13.0368 0.0 1.0 30.6782 -13.0368 30.6782 1107.6
0
0
0
1 1.0 0.0 -21.7058 0.0 1.0 35.5664 -21.7058 35.5664 1730.63
0
0
0
1 1.0 0.0 -31.9837 0.0 1.0 38.4324 -31.9837 38.4324 2492.11
0
1 1.0 0.0 -31.0322 0.0 1.0 27.805 -31.0322 27.805 1730.63
0
1 1.0 0.0 -27.7999 0.0 1.0 18.3923 -27.7999 18.3923 1107.6
1 1.0 0.0 -34.7499 0.0 1.0 22.9903 -34.7499 22.9903 1730.63
0
1 1.0 0.0 -30.1816 0.0 1.0 14.1486 -30.1816 14.1486 1107.6
1 1.0 0.0 -37.727 0.0 1.0 17.6857 -37.727 17.6857 1730.63
1 1.0 0.0 -45.2724 0.0 1.0 21.2228 -45.2724 21.2228 2492.11
0
1 1.0 0.0 -39.9 0.0 1.0 12.0041 -39.9 12.0041 1730.63
0
1 1.0 0.0 -32.9781 0.0 1.0 4.85337 -32.9781 4.85337 1107.6
1 1.0 0.0 -41.2226 0.0 1.0 6.06672 -41.2226 6.06672 1730.63
0
